350	-0.347855366433503
351	-0.344000657648269
352	-0.339519661523365
353	-0.344814812588492
354	-0.347197973455912
355	-0.348395939194676
356	-0.336492012601524
357	-0.335650297728397
358	-0.337550477436142
359	-0.338227056608369
360	-0.329166720820768
361	-0.323676490173823
362	-0.321338328661615
363	-0.319523570858256
364	-0.316886635850373
365	-0.321828835804723
366	-0.31822518928322
367	-0.309130378616645
368	-0.30972623211785
369	-0.310432261962717
370	-0.308083988722356
371	-0.298306380604777
372	-0.300949148441306
373	-0.30057695745555
374	-0.296277171525399
375	-0.289751197881571
376	-0.288917498539919
377	-0.286313258183002
378	-0.279692426870475
379	-0.274445296075579
380	-0.274345808638841
381	-0.267681345286757
382	-0.267399631754047
383	-0.264228808088549
384	-0.256447542971309
385	-0.254547225056032
386	-0.252368594524803
387	-0.247523786039121
388	-0.244615359596172
389	-0.239812957941516
390	-0.236185401354135
391	-0.230342246452816
392	-0.231075156865986
393	-0.224594499970212
394	-0.220885449573999
395	-0.216095730290409
396	-0.211354021205058
397	-0.206766231993032
398	-0.202502636608238
399	-0.195109291085184
400	-0.190929964307215
401	-0.18563918481879
402	-0.17961233162779
403	-0.173784489193237
404	-0.168217479496873
405	-0.160965147599313
406	-0.157236790785491
407	-0.14933394090864
408	-0.142987121504845
409	-0.135753523583379
410	-0.128956984276561
411	-0.118856317683796
412	-0.115197172089656
413	-0.106505059240331
414	-0.099721282492279
415	-9.37211461253867E-02
416	-0.08539729664364
417	-7.91333972546136E-02
418	-7.39300021504822E-02
419	-6.83407355442861E-02
420	-6.36807000830503E-02
421	-5.93478553466417E-02
422	-0.054854014450594
423	-5.08586463679356E-02
424	-4.79852911486641E-02
425	-4.55006043175304E-02
426	-0.040824125190566
427	-3.93628899708205E-02
428	-3.75522968156869E-02
429	-3.44903576270991E-02
430	-3.30370643630406E-02
431	-3.15969767930414E-02
432	-2.99063567983952E-02
433	-2.52467427322896E-02
434	-2.30943824321288E-02
435	-2.10607555747111E-02
436	-2.02839789373054E-02
437	-1.73474623902081E-02
438	-1.20341117888445E-02
439	-1.07061344894436E-02
440	-5.75116673295402E-03
441	-4.70526727202393E-03
442	-6.20046111497664E-04
443	1.70816095422968E-03
444	4.35531785682142E-03
445	5.72837941160212E-03
446	6.58966292832539E-03
447	7.07064863100456E-03
448	9.38595260176162E-03
449	9.97933081623962E-03
450	8.82595591378223E-03
451	8.77461403800726E-03
452	7.54941169074043E-03
453	7.12350301016421E-03
454	5.37378024905664E-03
455	4.41859595375106E-03
456	2.78212490279371E-03
457	-1.73994846119472E-05
458	-2.29290567916642E-03
459	-4.18407316197145E-03
460	-6.22064232741614E-03
461	-8.9266178007419E-03
462	-1.24402959364075E-02
463	-1.47215317308964E-02
464	-0.015085002039928
465	-1.84935305685593E-02
466	-1.98951379213425E-02
467	-2.25022929937452E-02
468	-2.39448168677385E-02
469	-2.59966124690922E-02
470	-2.75719189072301E-02
471	-2.86023949519013E-02
472	-2.93183580012517E-02
473	-2.99271029705468E-02
474	-3.19109717549345E-02
475	-0.031793284431221
476	-0.032190418518666
477	-3.27999897116851E-02
478	-3.18817165630437E-02
479	-3.05991617288466E-02
480	-3.07209485527937E-02
481	-2.99995204728818E-02
482	-0.029448928113845
483	-2.87372240693478E-02
484	-0.02664900004311
485	-2.62424260488073E-02
486	-2.60572125909072E-02
487	-2.47978384778171E-02
488	-2.41078562897557E-02
489	-2.27272093941935E-02
490	-2.23075729214552E-02
491	-2.16620918895847E-02
492	-2.28169110164354E-02
493	-2.25102657567529E-02
494	-2.31458894155979E-02
495	-2.42323501148591E-02
496	-2.52377369935811E-02
497	-0.026398122871
498	-2.74731456705515E-02
499	-0.029045199511111
500	-3.22071936206875E-02
501	-3.44645013475633E-02
502	-3.66080780039577E-02
503	-3.94595309445087E-02
504	-4.27010196186302E-02
505	-4.57379531208768E-02
506	-4.86081412701898E-02
507	-5.18441807588519E-02
508	-5.47154498634229E-02
509	-5.77848802847391E-02
510	-6.06109862611571E-02
511	-6.45312287506213E-02
512	-0.067337692767881
513	-7.00550613048582E-02
514	-7.22860757591585E-02
515	-7.54545525393599E-02
516	-7.67447738653871E-02
517	-7.91348167810128E-02
518	-8.09401532844598E-02
519	-8.26761550401795E-02
520	-8.41195007111851E-02
521	-8.50576074559304E-02
522	-8.54201010873236E-02
523	-8.76733864560016E-02
524	-8.77416274593726E-02
525	-8.90054041003483E-02
526	-8.99422478259239E-02
527	-8.99266989325178E-02
528	-9.09938122938824E-02
529	-9.12071496180536E-02
530	-9.09000404726206E-02
531	-9.02220861953573E-02
532	-9.02539367998984E-02
533	-9.05872714753148E-02
534	-8.95826454712551E-02
535	-8.96876144226903E-02
536	-9.00451566571023E-02
537	-8.97217449003024E-02
538	-8.91415365683487E-02
539	-8.79107645845164E-02
540	-0.087771952340551
541	-0.087732042912283
542	-0.088005105267396
543	-8.73428129133639E-02
544	-8.60754365438578E-02
545	-8.50984345451712E-02
546	-8.37674340123933E-02
547	-8.29108111179306E-02
548	-8.19829930251919E-02
549	-8.02640404151452E-02
550	-0.080078032179107
551	-7.90463597642461E-02
552	-0.078576098859207
553	-7.79911010599122E-02
554	-7.90680995016678E-02
555	-7.82056025370211E-02
556	-7.82394037686058E-02
557	-7.92655718960016E-02
558	-7.80490793547477E-02
559	-7.74978296887875E-02
560	-7.77701840510993E-02
561	-7.74277642270856E-02
562	-7.71773764711908E-02
563	-7.70642841219299E-02
564	-7.69787069305804E-02
565	-7.58542948164073E-02
566	-7.63764716178763E-02
567	-0.075521410085963
568	-7.57754976054609E-02
569	-7.50072639814459E-02
570	-7.47749566166919E-02
571	-7.45854133010712E-02
572	-7.40416907761297E-02
573	-7.25162453289798E-02
574	-7.27352970827002E-02
575	-7.16100279525594E-02
576	-7.14023430049691E-02
577	-0.07034068556335
578	-7.00167610183154E-02
579	-6.95081804037849E-02
580	-6.85406509705414E-02
581	-6.76543171281235E-02
582	-6.69918427954888E-02
583	-6.62603781912596E-02
584	-6.59831234917202E-02
585	-6.55754294287675E-02
586	-6.47250906214459E-02
587	-6.36687112338909E-02
588	-6.33229733150336E-02
589	-6.25508773119271E-02
590	-6.12738085923292E-02
591	-0.061109518542618
592	-6.12080043628226E-02
593	-6.04580015522843E-02
594	-5.98875050146298E-02
595	-5.93666656557385E-02
596	-5.86295057036205E-02
597	-5.83766925587708E-02
598	-5.78692270972295E-02
599	-5.68109636194732E-02
600	-5.66737690725772E-02
601	-5.57446054203358E-02
602	-5.58948350643458E-02
603	-5.54588796839086E-02
604	-5.44756681369196E-02
605	-5.36328330263791E-02
606	-5.34283013312645E-02
607	-5.30129999567279E-02
608	-5.21323917101813E-02
609	-5.25527958275601E-02
610	-5.12432183916178E-02
611	-5.01829659161617E-02
612	-5.00697879731588E-02
613	-4.96737115000515E-02
614	-4.87529059636964E-02
615	-4.87006534532285E-02
616	-0.047904181657579
617	-4.75856689677087E-02
618	-4.71507421162524E-02
619	-4.68204270086292E-02
620	-4.60358339021083E-02
621	-4.60200941312167E-02
622	-4.52588381399131E-02
623	-4.47459342787016E-02
624	-4.50624597844301E-02
625	-4.46604957278865E-02
626	-4.40072708369739E-02
627	-4.35149151114967E-02
628	-4.34098271008268E-02
629	-4.32044566481691E-02
630	-4.31332973625549E-02
631	-4.35434479422953E-02
632	-4.25325269335878E-02
633	-4.30183142626487E-02
634	-4.40626233957573E-02
635	-4.24763195351372E-02
636	-4.38401414812061E-02
637	-4.39437012925497E-02
638	-4.36721981700077E-02
639	-4.41868665121631E-02
640	-4.41413492452417E-02
641	-4.44961176884977E-02
642	-4.41946061117661E-02
643	-4.44537955974049E-02
644	-4.51196153324749E-02
645	-4.42928328116982E-02
646	-4.39856527912925E-02
647	-4.39871621049084E-02
648	-4.38602311487566E-02
649	-4.29064431068691E-02
650	-4.30159093887584E-02
651	-4.23682900400889E-02
652	-4.10146876665033E-02
653	-4.09116961313557E-02
654	-3.93843252824238E-02
655	-3.98122540222521E-02
656	-3.79873211342838E-02
657	-3.58736017907178E-02
658	-3.46989249652824E-02
659	-3.09437999250042E-02
660	-2.97875119072151E-02
661	-2.67309850582553E-02
662	-0.024416243230982
663	-2.04651932060976E-02
664	-1.82699048648087E-02
665	-1.41882563612698E-02
666	-1.12469550324223E-02
667	-9.36017217790103E-03
668	-6.99911772103628E-03
669	-4.61154525146203E-03
670	-2.97490067549663E-03
671	-3.67682898933551E-03
672	-3.34759211203385E-03
673	-3.42670754361631E-03
674	-4.25978832133128E-03
675	-6.66946968451891E-03
676	-8.98701280818664E-03
677	-1.10362707984155E-02
678	-1.27973665097687E-02
679	-1.60937808495593E-02
680	-1.87555551469485E-02
681	-2.20787573574812E-02
682	-2.59577491216944E-02
683	-2.92004608128853E-02
684	-3.39112056407239E-02
685	-3.79415457690336E-02
686	-4.15432336777006E-02
687	-4.73169600455563E-02
688	-5.09924129702158E-02
689	-5.46640732969769E-02
690	-5.84436368773132E-02
691	-6.32832303230834E-02
692	-0.06644180421168
693	-6.99912307526152E-02
694	-7.33472178764882E-02
695	-7.62680518001495E-02
696	-7.93251074248657E-02
697	-8.18893837210219E-02
698	-8.34569436686298E-02
699	-8.58414382706435E-02
700	-8.81974063020919E-02
701	-9.03728877418612E-02
702	-0.091753066034903
703	-9.23486713223944E-02
704	-9.58049844955318E-02
705	-9.79610924345046E-02
706	-9.95099459248286E-02
707	-0.100168586780107
708	-0.10134915377389
709	-0.103337558377076
710	-0.106072256987817
711	-0.105883941501725
712	-0.1083059286673
713	-0.110907060516453
714	-0.112898919543262
715	-0.114200730822576
716	-0.115450225276686
717	-0.117515636721994
718	-0.120067388881734
719	-0.12087390276319
720	-0.124110653446344
721	-0.12473393616828
722	-0.125687777096232
723	-0.129144701643623
724	-0.130054446335442
725	-0.132440507010927
726	-0.134170692340956
727	-0.13623074180485
728	-0.138900048572613
729	-0.139339718546956
730	-0.142100076750354
731	-0.143534493727603
732	-0.147586276987793
733	-0.149970522342181
734	-0.15162482395112
735	-0.152574623121075
736	-0.15451003812316
737	-0.158075864694765
738	-0.159770321080292
739	-0.161097561737304
740	-0.163684854414188
741	-0.166397555604159
742	-0.169104993624153
743	-0.168379516621778
744	-0.172228459951881
745	-0.173487481222201
746	-0.178229961908836
747	-0.179461219569192
748	-0.182093048429824
749	-0.182739817845257
750	-0.187669386892305