350	-0.334494178755508
351	-0.325800283050592
352	-0.329080380030176
353	-0.325181201308167
354	-0.318150021776912
355	-0.328709116230916
356	-0.338716497657573
357	-0.326763938428123
358	-0.327355800055243
359	-0.316490044817935
360	-0.314877359357461
361	-0.314752381809469
362	-0.307107242453198
363	-0.307474888035057
364	-0.305422864134729
365	-0.303826390673307
366	-0.30220836755581
367	-0.3016480428383
368	-0.297092970464542
369	-0.286888025852214
370	-0.292572480045954
371	-0.286072817442879
372	-0.286414506575653
373	-0.27870578107731
374	-0.279135825362226
375	-0.276981076698842
376	-0.275602872540927
377	-0.272992288437474
378	-0.273388974144292
379	-0.263297704193706
380	-0.264935540632594
381	-0.258481692397723
382	-0.252070766305065
383	-0.251951102828586
384	-0.250093282504714
385	-0.245493985215622
386	-0.242390669979724
387	-0.241445514156863
388	-0.239977472783512
389	-0.236155834873945
390	-0.229858242323672
391	-0.228731035301845
392	-0.226011531606192
393	-0.223333274112832
394	-0.217719044538616
395	-0.214631504833453
396	-0.21023022867956
397	-0.209192973197017
398	-0.202878556379672
399	-0.200589102633275
400	-0.197021062814138
401	-0.191843487632207
402	-0.188129042458148
403	-0.180923164189127
404	-0.178517503678173
405	-0.173148053933237
406	-0.167074589765224
407	-0.163045819376496
408	-0.158067724360715
409	-0.152273599033322
410	-0.147608240525599
411	-0.143132292176939
412	-0.137667074001667
413	-0.130769941152135
414	-0.125226465075771
415	-0.120235203116419
416	-0.113057783126722
417	-0.109001513169703
418	-0.103483636354809
419	-9.65636361067088E-02
420	-9.31621981060623E-02
421	-0.088241115715625
422	-8.29961921143957E-02
423	-0.076840377303814
424	-7.30091055326318E-02
425	-6.91154286499213E-02
426	-6.25272233771845E-02
427	-5.83798994238359E-02
428	-0.054435372815638
429	-5.13850375844396E-02
430	-4.57663020611662E-02
431	-4.46976527197427E-02
432	-3.74967379119253E-02
433	-3.24033793061711E-02
434	-3.01578832511625E-02
435	-2.56441643729806E-02
436	-2.20309311031796E-02
437	-1.92551146810401E-02
438	-1.51134245630416E-02
439	-1.01364252388052E-02
440	-6.18985824621632E-03
441	-2.54684261096305E-03
442	9.61815087783047E-04
443	4.76614067246815E-03
444	8.10053940672565E-03
445	1.24553365573517E-02
446	1.38776017940301E-02
447	1.59228532921347E-02
448	1.74189525116546E-02
449	2.02969608873325E-02
450	2.15459417587821E-02
451	2.20618040137112E-02
452	2.29072922490931E-02
453	2.35162771449662E-02
454	2.34954884083963E-02
455	2.39024499839941E-02
456	2.32541905257485E-02
457	2.30108526581477E-02
458	2.19814064006517E-02
459	2.16729792935632E-02
460	2.00165724590781E-02
461	1.94059646507344E-02
462	1.98601152770305E-02
463	1.82596704379791E-02
464	1.91762236920492E-02
465	1.84065388136929E-02
466	1.77312736890667E-02
467	1.88159262139548E-02
468	1.82751157189447E-02
469	1.88509663562242E-02
470	1.87676734422433E-02
471	1.83666302943521E-02
472	1.91757679478387E-02
473	1.93943006049776E-02
474	1.83294669061713E-02
475	2.04138621684048E-02
476	1.95688545814827E-02
477	1.94564895537778E-02
478	1.80480379224758E-02
479	1.86981554297079E-02
480	0.018648131255992
481	1.86461648727417E-02
482	1.77835610709257E-02
483	1.66720324426583E-02
484	1.63067593986467E-02
485	1.57361236501306E-02
486	1.32125650561266E-02
487	1.14066638611466E-02
488	1.04673326519231E-02
489	8.41228096272526E-03
490	5.12717723765231E-03
491	2.58453342914066E-03
492	1.72544002484917E-04
493	-3.16694730821177E-03
494	-6.02619603635254E-03
495	-9.01471572458446E-03
496	-1.18057293505695E-02
497	-1.53310161380371E-02
498	-0.018333341170475
499	-2.20209843356594E-02
500	-2.58918996152028E-02
501	-2.85810539491563E-02
502	-3.22709864072504E-02
503	-3.52786207943288E-02
504	-3.86513100405429E-02
505	-4.28570457875763E-02
506	-4.49344594753857E-02
507	-4.87451337204149E-02
508	-5.20546409788701E-02
509	-5.47712796262034E-02
510	-5.70316490340131E-02
511	-6.02036868475923E-02
512	-6.21629034135676E-02
513	-0.065238200592469
514	-6.67511216059804E-02
515	-6.96526014261052E-02
516	-7.03780129832542E-02
517	-7.24429805079692E-02
518	-7.37416528231368E-02
519	-7.46238632920663E-02
520	-7.61836650275515E-02
521	-7.75581129727455E-02
522	-7.81751962069085E-02
523	-7.86257319546522E-02
524	-7.86456810907294E-02
525	-7.92903730720377E-02
526	-0.079632838713771
527	-7.95101918093153E-02
528	-8.01512213170477E-02
529	-8.06962447311295E-02
530	-7.99484592892557E-02
531	-7.95635660508269E-02
532	-7.90319073419662E-02
533	-7.98920511263597E-02
534	-8.01595824971012E-02
535	-7.97324479551471E-02
536	-7.89656825549926E-02
537	-7.91383897078597E-02
538	-7.84574427347026E-02
539	-0.077622911851589
540	-7.76158122310402E-02
541	-7.69060601077796E-02
542	-7.65358511136176E-02
543	-7.58672625231042E-02
544	-7.63788350393068E-02
545	-0.075372188744429
546	-7.46022294868747E-02
547	-7.39461167336426E-02
548	-7.35272250754008E-02
549	-7.30055186950434E-02
550	-7.20739990745543E-02
551	-7.19528506254861E-02
552	-7.12922889367738E-02
553	-7.12314360111547E-02
554	-7.09349034682174E-02
555	-6.94988233135433E-02
556	-6.96174566106923E-02
557	-6.88172787587731E-02
558	-6.83706371171375E-02
559	-6.71515388155267E-02
560	-6.80768160906559E-02
561	-6.69309119345876E-02
562	-6.62170594662739E-02
563	-6.58525941636064E-02
564	-0.065279912926511
565	-6.42970025883859E-02
566	-6.41807994759488E-02
567	-6.30733385484013E-02
568	-6.28717821067129E-02
569	-6.24942599108833E-02
570	-6.14577357312312E-02
571	-6.09399488486603E-02
572	-6.03581342479183E-02
573	-5.95255857601328E-02
574	-5.88585704192073E-02
575	-5.81379415172336E-02
576	-5.70048276018055E-02
577	-0.055935806540896
578	-5.57730611952534E-02
579	-5.48087148429261E-02
580	-5.41118881591178E-02
581	-5.36692353781487E-02
582	-5.15304102722059E-02
583	-5.17038380138506E-02
584	-5.02386140154795E-02
585	-4.99538596167855E-02
586	-4.97050230241275E-02
587	-4.79385238931668E-02
588	-4.76963453972734E-02
589	-0.046751888106956
590	-4.55012060296771E-02
591	-4.41870890042289E-02
592	-0.044506924199646
593	-4.32213846511888E-02
594	-4.25493900266431E-02
595	-4.22415068755821E-02
596	-4.11737338292235E-02
597	-4.04229957813341E-02
598	-3.95594885167361E-02
599	-3.83981747042653E-02
600	-3.77589659256532E-02
601	-3.82062959438257E-02
602	-3.70206958110328E-02
603	-3.62877718325839E-02
604	-3.57248190949668E-02
605	-3.51543530330277E-02
606	-3.52327285095291E-02
607	-3.41545106993432E-02
608	-3.39208189406651E-02
609	-3.30565064668668E-02
610	-3.32519855274505E-02
611	-3.26733161134782E-02
612	-3.25155034994765E-02
613	-3.19978250526249E-02
614	-3.15781050638653E-02
615	-3.14859600467014E-02
616	-3.09192061303264E-02
617	-3.10647660673272E-02
618	-2.96921245558665E-02
619	-0.029549239142342
620	-2.97403514888621E-02
621	-2.97545252415035E-02
622	-2.91178784228078E-02
623	-2.79413883133189E-02
624	-0.027555984382479
625	-2.70476873968674E-02
626	-0.026896989193796
627	-2.61791393649199E-02
628	-2.54765906185458E-02
629	-2.55177446834934E-02
630	-2.43371557196687E-02
631	-2.35559523382759E-02
632	-2.38167609572185E-02
633	-2.31286754362951E-02
634	-2.25370116736294E-02
635	-2.23192120586907E-02
636	-2.19241673239969E-02
637	-2.06852325593078E-02
638	-2.08096696793793E-02
639	-1.92771124990569E-02
640	-0.019257773118789
641	-1.87052338228525E-02
642	-1.73762894557554E-02
643	-1.64624166083997E-02
644	-1.57055304065392E-02
645	-0.01414652728631
646	-1.22599656637644E-02
647	-1.18506528657939E-02
648	-1.03704731604613E-02
649	-9.60520665937051E-03
650	-8.4716357471696E-03
651	-6.8899462254265E-03
652	-5.97227074805809E-03
653	-5.36163979782528E-03
654	-3.76658560367306E-03
655	-2.8799694808848E-03
656	-5.00851847445424E-04
657	-1.19651107281823E-03
658	8.06109643201077E-04
659	9.96275285047198E-04
660	1.65254610710787E-03
661	2.86247318200758E-03
662	3.64271602353299E-03
663	3.87800540278414E-03
664	4.83873826705762E-03
665	6.67830356283391E-03
666	7.27252669042156E-03
667	6.97654625436517E-03
668	7.30281406789525E-03
669	7.35902147961689E-03
670	8.23441950601208E-03
671	6.70745996939025E-03
672	6.18598245581612E-03
673	6.03978950413646E-03
674	4.07205211526576E-03
675	3.55338441560575E-03
676	7.10683013508801E-04
677	-8.48672858877331E-04
678	-3.91645972726119E-03
679	-6.95376525141657E-03
680	-9.10700745031864E-03
681	-0.013823572128443
682	-1.71661921898839E-02
683	-2.08893251427144E-02
684	-2.53434196144993E-02
685	-2.78850503479883E-02
686	-3.37781042565535E-02
687	-3.72351912049089E-02
688	-4.17503523899297E-02
689	-4.53663192305378E-02
690	-4.82392345914107E-02
691	-5.29500802240157E-02
692	-5.52766818178417E-02
693	-5.91429458742613E-02
694	-6.15120083377455E-02
695	-6.52211863007607E-02
696	-6.70337821905896E-02
697	-6.90135000412617E-02
698	-7.21056372344194E-02
699	-7.26311167198455E-02
700	-7.58597523297081E-02
701	-7.82862166294696E-02
702	-7.92608215454432E-02
703	-8.18401367430377E-02
704	-8.37281580006962E-02
705	-8.52138522475265E-02
706	-8.63406952650729E-02
707	-8.72882345757859E-02
708	-8.95020750849764E-02
709	-9.15568683671718E-02
710	-9.24791453980731E-02
711	-9.30479337519119E-02
712	-9.69202247737657E-02
713	-0.09813904785854
714	-9.95420563599792E-02
715	-0.101565621347886
716	-0.102254325888098
717	-0.103848790237403
718	-0.105673712686428
719	-0.107564792146766
720	-0.108829108919913
721	-0.110409441951961
722	-0.112638526230237
723	-0.114013935657533
724	-0.115488012755708
725	-0.116982818852786
726	-0.119110562671646
727	-0.122458494833149
728	-0.123715593004004
729	-0.125572184036984
730	-0.126140631961165
731	-0.12870739227088
732	-0.131161627863482
733	-0.130463669669938
734	-0.132748853435229
735	-0.136332489752948
736	-0.137882969317581
737	-0.13913505570474
738	-0.14062174466837
739	-0.142939644550273
740	-0.145251810189139
741	-0.148265478422008
742	-0.149783469974274
743	-0.152152874488338
744	-0.155919861158193
745	-0.157432195748525
746	-0.158755086416885
747	-0.161113385084416
748	-0.163159069894901
749	-0.167142305910228
750	-0.170198684405655