350	-0.256641116470363
351	-0.24885127510787
352	-0.253458663811374
353	-0.220629129188845
354	-0.229847518185191
355	-0.242234284780849
356	-0.238344703822789
357	-0.227369082926191
358	-0.223719783331455
359	-0.224039267986497
360	-0.221315992151219
361	-0.208905569733295
362	-0.211871503232052
363	-0.204682762388456
364	-0.206052357829467
365	-0.197346241282202
366	-0.191341512428153
367	-0.192063357948407
368	-0.185204949217387
369	-0.17228887422274
370	-0.174668641503435
371	-0.166515064881887
372	-0.168398625789282
373	-0.160009705124998
374	-0.151536830658105
375	-0.146693279560125
376	-0.142969619321082
377	-0.134508641579982
378	-0.127903704900399
379	-0.120565191901042
380	-0.113031982660211
381	-0.106898680526676
382	-0.101453479127349
383	-9.66924864250523E-02
384	-8.85613823287097E-02
385	-8.16444796207306E-02
386	-7.74656383537225E-02
387	-6.95228024518232E-02
388	-6.19217478926054E-02
389	-5.67133098009637E-02
390	-5.30436827455121E-02
391	-4.69543675482627E-02
392	-3.92453637876445E-02
393	-3.26004578813971E-02
394	-2.55008932922473E-02
395	-0.018677684571597
396	-1.37530935237746E-02
397	-4.43786378778935E-03
398	2.30706196164357E-03
399	1.01801765786511E-02
400	2.05514586527045E-02
401	2.80358383582078E-02
402	0.039054530544868
403	0.045955944268536
404	5.51894954326495E-02
405	6.77228376635936E-02
406	7.59682274794982E-02
407	8.81823991166632E-02
408	0.097089436781076
409	0.1077760298813
410	0.121271317277522
411	0.128935114277819
412	0.141143128174461
413	0.151546227573037
414	0.164321482350165
415	0.175922437580059
416	0.186012650474326
417	0.198032422687733
418	0.208628497543169
419	0.220537025225377
420	0.229116606225003
421	0.241591980075594
422	0.248598214085235
423	0.257716403159431
424	0.269436784733872
425	0.275915254820002
426	0.28480287594092
427	0.293211911993281
428	0.300987885990231
429	0.308599214150017
430	0.313627107918091
431	0.319353637864066
432	0.328138934859828
433	0.333248991567758
434	0.339578712684294
435	0.346332289552076
436	0.352313270330004
437	0.35686160039276
438	0.364037721002025
439	0.370132952598393
440	0.375784895441879
441	0.382058105168559
442	0.387102496995434
443	0.391797038958858
444	0.397098153032419
445	0.403304643833716
446	0.40403115257289
447	0.407247269511395
448	0.412118424851363
449	0.410519525375287
450	0.412216133108142
451	0.412282382078313
452	0.411507689516292
453	0.410367671842246
454	0.409153870140997
455	0.403994956460259
456	0.405546178768148
457	0.400004846798485
458	0.396908469788638
459	0.394616454187618
460	0.39270213448985
461	0.387975504770268
462	0.38259484415912
463	0.382124031973507
464	0.37674097066576
465	0.372654674416229
466	0.37126723189883
467	0.366609340466353
468	0.363662556617754
469	0.361456781997385
470	0.357573043375727
471	0.353700935549516
472	0.351532125436167
473	0.347682214942702
474	0.343694685415593
475	0.340012508904691
476	0.336077083743227
477	0.332526907618409
478	0.329359034644259
479	0.32577436996608
480	0.322101414998457
481	0.31810199693548
482	0.316221217473168
483	0.31325728964498
484	0.309070168663275
485	0.306147932727252
486	0.302518083681005
487	0.298066138240727
488	0.294745490196312
489	0.290453785931428
490	0.285745635035829
491	0.281359040942448
492	0.275820412745141
493	0.270090051871725
494	0.264538587221986
495	0.258023670039997
496	0.250503418563743
497	0.242518952244301
498	0.235079057794701
499	0.226795063373811
500	0.218355799776679
501	0.208893129341692
502	0.199459637418953
503	0.190186863786907
504	0.17922611584196
505	0.168967282734689
506	0.158938695925035
507	0.148183608982748
508	0.137062123931608
509	0.126329626811531
510	0.115753187664448
511	0.104441937863128
512	9.53098783468682E-02
513	8.49513155592798E-02
514	7.51021492490999E-02
515	6.65828437028781E-02
516	5.69819483366649E-02
517	4.91710956763154E-02
518	4.17850226299554E-02
519	3.36894165036865E-02
520	2.66804512078479E-02
521	2.05422898789478E-02
522	1.48521843988784E-02
523	1.01556429949429E-02
524	5.95263555532342E-03
525	9.01600833482611E-04
526	-3.29197124987337E-03
527	-6.6112248459071E-03
528	-9.01779508944022E-03
529	-1.20841218179229E-02
530	-1.46294950902882E-02
531	-1.67969328318173E-02
532	-1.82689726203763E-02
533	-2.11432053928481E-02
534	-2.24475985789951E-02
535	-2.39513216301486E-02
536	-2.49675288013086E-02
537	-2.58798013575962E-02
538	-2.64511718800907E-02
539	-2.78368590747509E-02
540	-2.92265783008305E-02
541	-3.01255368663342E-02
542	-3.01257209239919E-02
543	-3.08305160359444E-02
544	-3.21986019230246E-02
545	-0.031920451643993
546	-3.32525467330355E-02
547	-3.40191404092156E-02
548	-3.38176736282017E-02
549	-3.36532128346396E-02
550	-0.034355386206103
551	-3.39559835550256E-02
552	-3.45912892808267E-02
553	-3.43918416838574E-02
554	-3.50918730424782E-02
555	-3.51398684752843E-02
556	-3.45932768171152E-02
557	-3.44157762062558E-02
558	-3.46692096667198E-02
559	-3.40855111243194E-02
560	-0.034684792143002
561	-0.034311890369106
562	-3.32996087323512E-02
563	-3.37454562984067E-02
564	-3.34477625766729E-02
565	-3.24071070935529E-02
566	-3.18357196682003E-02
567	-0.030482758610674
568	-3.08560690728714E-02
569	-0.030364355593543
570	-2.81913015478041E-02
571	-2.74452834926685E-02
572	-2.73311759250055E-02
573	-2.52182754168186E-02
574	-2.46334867560176E-02
575	-2.26247565382163E-02
576	-0.021745454502274
577	-2.03505846460751E-02
578	-1.88781268887726E-02
579	-1.77457431462671E-02
580	-1.64096852936814E-02
581	-1.48673463167525E-02
582	-1.44371202540001E-02
583	-1.31444757413861E-02
584	-1.06635936680454E-02
585	-1.01066355394373E-02
586	-8.43355821683542E-03
587	-7.14213024728018E-03
588	-4.90813643422898E-03
589	-3.84501273378701E-03
590	-1.63139784646105E-03
591	-1.10160523311402E-03
592	1.49934178385411E-04
593	1.46774547738001E-03
594	2.01538373174552E-03
595	4.59299905735326E-03
596	4.50400590193635E-03
597	5.86808536865787E-03
598	7.26510687683091E-03
599	8.4127226341705E-03
600	8.72731765570007E-03
601	9.7042519193498E-03
602	1.00162684377268E-02
603	1.13282806176444E-02
604	0.011251046997771
605	1.20175582134086E-02
606	1.32265414819966E-02
607	1.37054714019834E-02
608	1.49769679235312E-02
609	1.51127296206347E-02
610	0.016180866462698
611	1.59354769179602E-02
612	1.70170786893822E-02
613	1.89548186045346E-02
614	1.88725577303322E-02
615	2.00697253749097E-02
616	0.021171183250229
617	2.25838873805876E-02
618	2.35274768399972E-02
619	2.39734701378209E-02
620	2.53825470090518E-02
621	2.60472363135177E-02
622	2.60862659137034E-02
623	2.70394552141926E-02
624	2.82829571727188E-02
625	2.96433586430833E-02
626	3.02050131688127E-02
627	3.11993272818985E-02
628	3.18709085828071E-02
629	3.36948545762527E-02
630	3.47082122066367E-02
631	3.56993283101217E-02
632	3.68314841981736E-02
633	3.75359978262911E-02
634	3.84604601566396E-02
635	0.040042909184385
636	4.14175516050352E-02
637	4.42795744755107E-02
638	4.49216304277252E-02
639	4.66367996724767E-02
640	5.00218479774512E-02
641	5.37550941781595E-02
642	0.055461680396432
643	5.90506294742541E-02
644	0.062187978906215
645	6.65690926940773E-02
646	7.00212240383338E-02
647	7.36923778110459E-02
648	7.74559490526241E-02
649	8.12215958508426E-02
650	8.31161940161973E-02
651	8.75850866626929E-02
652	9.04391478176098E-02
653	9.32567522798821E-02
654	9.53211672766326E-02
655	9.77117642233247E-02
656	9.94648932947406E-02
657	0.100510150533227
658	0.10409598276326
659	0.106249590056926
660	0.109163971468199
661	0.113696872492469
662	0.11858344162151
663	0.123548739403511
664	0.128704890226691
665	0.135553406305883
666	0.141462854538641
667	0.147078656097817
668	0.15276967421713
669	0.156694240945171
670	0.160023270673551
671	0.162074610630724
672	0.162386279676057
673	0.161959231526713
674	0.160318564824168
675	0.156251343702242
676	0.153993974912897
677	0.149478570594436
678	0.142838499429381
679	0.138052800872054
680	0.129984513365781
681	0.121616962597893
682	0.113125576285679
683	0.105066612440775
684	9.39177178139973E-02
685	8.34567286198922E-02
686	7.27430304634176E-02
687	5.99302677131956E-02
688	4.72208032098739E-02
689	3.63301323757782E-02
690	2.55988643895501E-02
691	1.30089579254258E-02
692	3.13450857073176E-03
693	-5.8117545221661E-03
694	-1.53458304608015E-02
695	-0.025021012927045
696	-2.91216031443707E-02
697	-3.53208843669379E-02
698	-4.18806541467041E-02
699	-4.61903961362609E-02
700	-5.14445078045083E-02
701	-5.50647136000612E-02
702	-5.93894314469151E-02
703	-6.28990092353671E-02
704	-6.59406472822541E-02
705	-6.87200671874636E-02
706	-7.16890640596951E-02
707	-7.44910410959225E-02
708	-7.67147546518284E-02
709	-7.94663759871854E-02
710	-8.12495750423686E-02
711	-8.38430388430164E-02
712	-8.59331208338853E-02
713	-8.84430630536733E-02
714	-9.00732045766213E-02
715	-9.09206942042151E-02
716	-9.49870118280286E-02
717	-9.46951629075941E-02
718	-9.85062249949148E-02
719	-0.100233612335964
720	-0.100210590137987
721	-0.103101500588645
722	-0.103811839851341
723	-0.10723329083182
724	-0.107472916053391
725	-0.108840315431326
726	-0.111396498204543
727	-0.11488108082894
728	-0.114069643676172
729	-0.117077324296868
730	-0.11897654995045
731	-0.119765061415176
732	-0.120751775559112
733	-0.124641566171912
734	-0.126656436652196
735	-0.126186944840231
736	-0.131363606069477
737	-0.132364264223794
738	-0.134344707334937
739	-0.135616317282769
740	-0.137774972864664
741	-0.139723284299818
742	-0.143222645382964
743	-0.145331783729153
744	-0.149035311252261
745	-0.149426587879373
746	-0.152222441467058
747	-0.153135287333369
748	-0.155521108831659
749	-0.159575869707799
750	-0.159660017281911