350	-0.351872743915263
351	-0.336955910967758
352	-0.337815337249244
353	-0.334449301678069
354	-0.343432838971669
355	-0.333863492258407
356	-0.342922804888756
357	-0.332802906002808
358	-0.330259835145543
359	-0.324193822006997
360	-0.327072068808226
361	-0.313787271400458
362	-0.314753118452649
363	-0.312531071552939
364	-0.30758166923589
365	-0.312443254218593
366	-0.298989651794136
367	-0.304302810850141
368	-0.297624070330085
369	-0.300895283212854
370	-0.290202194101858
371	-0.2878100133169
372	-0.284119274124269
373	-0.284434726345762
374	-0.276194068078605
375	-0.276437338439359
376	-0.268010129772889
377	-0.266674167550007
378	-0.263206979208505
379	-0.256059956001639
380	-0.25139875236743
381	-0.251329596444935
382	-0.245793924261396
383	-0.242979143022543
384	-0.240714767172195
385	-0.230921841952185
386	-0.232800079904841
387	-0.229210095325433
388	-0.222079215988697
389	-0.217455555834066
390	-0.213885030242979
391	-0.20661735276862
392	-0.205697544465568
393	-0.198834081800011
394	-0.197715476293422
395	-0.191552577424605
396	-0.186502653628252
397	-0.182012374183456
398	-0.17784207027468
399	-0.171703930470311
400	-0.164992810982684
401	-0.160127231101124
402	-0.153606885310884
403	-0.148823266150823
404	-0.139385869977869
405	-0.1353809522268
406	-0.130115121842265
407	-0.122471629159106
408	-0.11491223130498
409	-0.110612969395499
410	-0.102925491998452
411	-9.60204736806747E-02
412	-9.12388407812419E-02
413	-8.39948516932282E-02
414	-7.87430308774547E-02
415	-7.24765416751665E-02
416	-6.89599638950048E-02
417	-6.36624298193662E-02
418	-5.93351373122194E-02
419	-0.052883450206376
420	-4.90560255079185E-02
421	-4.72182713309061E-02
422	-4.18466971739764E-02
423	-3.85790934018373E-02
424	-3.51577840939355E-02
425	-3.08062078510179E-02
426	-2.91887798897832E-02
427	-2.40216447046032E-02
428	-2.39973488334114E-02
429	-1.97948484147882E-02
430	-1.82923247601227E-02
431	-1.37609495228307E-02
432	-0.012899468001725
433	-1.01895071798449E-02
434	-6.03657576087906E-03
435	-3.72603945370653E-03
436	2.59970314768519E-05
437	4.17202060675946E-03
438	6.08921483663728E-03
439	8.49161962631958E-03
440	0.011929038173412
441	1.56340596554052E-02
442	1.82004961639834E-02
443	2.02297167466638E-02
444	2.45266484432846E-02
445	2.62347644715848E-02
446	2.61646285874446E-02
447	0.028750909781631
448	2.89014909506248E-02
449	2.93626425176518E-02
450	2.85379376987654E-02
451	2.86250874248942E-02
452	2.75559379671086E-02
453	2.59616475467166E-02
454	2.48397397683308E-02
455	2.39857340035597E-02
456	2.15828264954003E-02
457	1.94629851738428E-02
458	1.69649589695756E-02
459	1.47289512454593E-02
460	1.24046532384189E-02
461	9.10391330339393E-03
462	6.10272189154038E-03
463	3.95166346513381E-03
464	2.09164341527117E-03
465	-1.05942719552456E-03
466	-4.62013456672043E-03
467	-6.26756121114623E-03
468	-8.50105229859146E-03
469	-9.86229820943839E-03
470	-1.19837504196375E-02
471	-1.29754454094752E-02
472	-1.51167867224207E-02
473	-1.60461994692284E-02
474	-0.017660049800527
475	-1.88281629995224E-02
476	-1.88174439420453E-02
477	-1.76069544353087E-02
478	-1.81181358758952E-02
479	-1.77144424597523E-02
480	-1.64062604942294E-02
481	-1.72474975062344E-02
482	-1.57817076205173E-02
483	-1.38250327511803E-02
484	-1.39396660652981E-02
485	-1.26484287999276E-02
486	-1.19286604859625E-02
487	-1.10101477161668E-02
488	-9.8385914444574E-03
489	-9.18323436748572E-03
490	-8.72181016059342E-03
491	-8.91117301100651E-03
492	-8.1646496573526E-03
493	-0.009379539382459
494	-9.14337179813329E-03
495	-1.01983003389364E-02
496	-1.13376438825354E-02
497	-1.37779364105814E-02
498	-1.45411404532268E-02
499	-1.64285174232469E-02
500	-1.84656163024159E-02
501	-2.17136187041817E-02
502	-2.54199159712775E-02
503	-2.83735425742084E-02
504	-3.01969406949545E-02
505	-3.37773220169515E-02
506	-3.80287100342497E-02
507	-4.14445522917162E-02
508	-4.47637977947973E-02
509	-4.84001657808485E-02
510	-5.11123698986703E-02
511	-5.56607524966096E-02
512	-0.05858150889306
513	-6.11449969664644E-02
514	-6.33554721539934E-02
515	-6.59930143708798E-02
516	-0.068438921377364
517	-7.12949782677188E-02
518	-7.29876054194802E-02
519	-7.50956976911063E-02
520	-7.76220693634628E-02
521	-7.80927181231037E-02
522	-7.96664913628048E-02
523	-8.03358610767623E-02
524	-8.13369033243234E-02
525	-8.26536790281372E-02
526	-8.32732402837573E-02
527	-8.31598045385184E-02
528	-8.27539203907009E-02
529	-8.37915426221554E-02
530	-8.38821183547791E-02
531	-0.084137709058837
532	-8.42306515539452E-02
533	-8.41124893619583E-02
534	-8.34160020422218E-02
535	-8.31299444661335E-02
536	-8.29818390668725E-02
537	-8.28445014865925E-02
538	-8.22733303625746E-02
539	-8.24351147742683E-02
540	-8.15095094287873E-02
541	-8.10226546803429E-02
542	-8.12109370767398E-02
543	-8.02105139670811E-02
544	-0.07991770756136
545	-0.079424356817831
546	-7.86908995056303E-02
547	-7.84869433401585E-02
548	-7.78692543439566E-02
549	-0.07678268232998
550	-7.59199984249014E-02
551	-7.65797734331335E-02
552	-7.48291564146806E-02
553	-7.45275488317108E-02
554	-7.42545478636541E-02
555	-7.50043736982296E-02
556	-7.42035973221176E-02
557	-7.35472747822756E-02
558	-7.33438362989101E-02
559	-7.21386194128458E-02
560	-7.20037088917206E-02
561	-7.18982758988868E-02
562	-7.18081405541461E-02
563	-7.17607462989269E-02
564	-7.07307134161575E-02
565	-7.03698818972942E-02
566	-7.07381512565466E-02
567	-7.06812110190285E-02
568	-7.02391837602703E-02
569	-0.068619051806213
570	-6.81534427073657E-02
571	-6.80208136681563E-02
572	-0.067711341486132
573	-6.68451981519809E-02
574	-0.06692369012582
575	-6.58932200155628E-02
576	-6.51064771359704E-02
577	-6.50674130587217E-02
578	-6.40610103707421E-02
579	-6.33948162170506E-02
580	-6.27156335090779E-02
581	-6.17067378615396E-02
582	-6.13981370155377E-02
583	-6.12408795949196E-02
584	-5.98427232186497E-02
585	-5.90528006618835E-02
586	-5.84218076136716E-02
587	-5.73155101735489E-02
588	-5.75071586762225E-02
589	-5.67467298755467E-02
590	-5.60165812606078E-02
591	-5.58399928335777E-02
592	-5.43806643656495E-02
593	-0.054441948353139
594	-5.36661941728175E-02
595	-5.32114453630339E-02
596	-5.29085582731336E-02
597	-5.21502364831903E-02
598	-0.052041023351589
599	-5.15169440704247E-02
600	-5.05854096356339E-02
601	-4.97976196957092E-02
602	-4.96863322842779E-02
603	-0.048553545933397
604	-4.84738307242313E-02
605	-4.77689073870275E-02
606	-4.66985897083519E-02
607	-4.67055219147162E-02
608	-4.57629335718333E-02
609	-4.43614335559451E-02
610	-4.51217548431525E-02
611	-4.43513570590088E-02
612	-4.29687545573725E-02
613	-4.22121515412196E-02
614	-4.15422597172806E-02
615	-4.15535722708183E-02
616	-4.12912844392277E-02
617	-4.01748963859175E-02
618	-4.00019981252735E-02
619	-3.95930925414565E-02
620	-3.87259577888504E-02
621	-3.85739469619503E-02
622	-3.83468065202997E-02
623	-3.80724380041105E-02
624	-3.71906258985556E-02
625	-3.65083778427605E-02
626	-3.75381940124698E-02
627	-3.61817222857353E-02
628	-3.67885072093704E-02
629	-3.65299500102064E-02
630	-3.64065939450637E-02
631	-3.63677531972761E-02
632	-3.62578959067556E-02
633	-3.58844099169275E-02
634	-3.55327713239503E-02
635	-3.63322446008149E-02
636	-3.68382659840116E-02
637	-3.64025502545832E-02
638	-3.71320317809096E-02
639	-3.63848983424743E-02
640	-3.73059965908173E-02
641	-0.03697443262212
642	-0.037558462304253
643	-3.80859984622163E-02
644	-0.038366070709117
645	-3.70150305808736E-02
646	-3.69800488776421E-02
647	-3.78645634130615E-02
648	-3.75882063225797E-02
649	-3.65157655577723E-02
650	-3.56898306314342E-02
651	-3.52585129438677E-02
652	-3.45980106630437E-02
653	-3.31432172687309E-02
654	-3.28960898277583E-02
655	-3.13689739835135E-02
656	-2.93682786670128E-02
657	-0.028245522024963
658	-2.68352055834801E-02
659	-2.32288306935702E-02
660	-2.06501843983343E-02
661	-1.81788522547317E-02
662	-1.49128349508586E-02
663	-0.011816531488334
664	-8.33343278395341E-03
665	-4.89477485990941E-03
666	-2.27216164331252E-03
667	-3.35684220578491E-04
668	2.70413533942543E-03
669	6.0800859037067E-03
670	7.64178971553955E-03
671	7.73843803857784E-03
672	8.70900007662446E-03
673	0.008285594047025
674	7.24712075908972E-03
675	4.4982165326464E-03
676	3.20816718231229E-03
677	4.59814634374191E-04
678	-2.18228441590235E-03
679	-4.04027495975472E-03
680	-7.79118931210299E-03
681	-1.12653978048352E-02
682	-0.015246419365934
683	-1.88770881612481E-02
684	-2.27278159041818E-02
685	-2.69691702628968E-02
686	-3.16012537780214E-02
687	-3.65232876649078E-02
688	-4.04882531789919E-02
689	-4.45032881348609E-02
690	-0.050153737543326
691	-5.34286639825313E-02
692	-5.74186046464408E-02
693	-6.22324119629615E-02
694	-6.50338403148129E-02
695	-6.69753182339076E-02
696	-7.05508046453668E-02
697	-7.23178495895767E-02
698	-7.52484548886089E-02
699	-7.65683729106597E-02
700	-7.75882930947729E-02
701	-8.03486140103718E-02
702	-8.21289287818556E-02
703	-8.28564861182939E-02
704	-8.58363595883368E-02
705	-8.80091047111859E-02
706	-8.81573254461192E-02
707	-9.10766055513784E-02
708	-9.24096257762478E-02
709	-9.33149937334101E-02
710	-0.095026361911461
711	-9.75125235742453E-02
712	-9.81637747379668E-02
713	-0.100002276747286
714	-0.101328623418798
715	-0.10247697631017
716	-0.103515987776534
717	-0.10521132874228
718	-0.107562717798378
719	-0.108758396724797
720	-0.109567351759332
721	-0.113091173674451
722	-0.112960180393994
723	-0.113141901872026
724	-0.115638813846655
725	-0.117151212927268
726	-0.119223972580675
727	-0.121204562075203
728	-0.122620066235587
729	-0.124708238417794
730	-0.127769893437358
731	-0.127714816057212
732	-0.128245780745027
733	-0.132062255605257
734	-0.130259197482029
735	-0.134080776428647
736	-0.13663942586296
737	-0.139230064994598
738	-0.140560788252403
739	-0.141424269076054
740	-0.146006561699108
741	-0.146912444280788
742	-0.149047011722062
743	-0.150245697661882
744	-0.154434054572865
745	-0.156670099560283
746	-0.157465494377212
747	-0.157679882959923
748	-0.158991936953071
749	-0.162309953911631
750	-0.166524046825295