350	-0.318653668436411
351	-0.331427840669506
352	-0.320187914592445
353	-0.322753252211947
354	-0.32259951248744
355	-0.318818352076885
356	-0.31783672896437
357	-0.316905066714199
358	-0.306313297779019
359	-0.30188327020927
360	-0.300247360839755
361	-0.286172968276819
362	-0.290137163262471
363	-0.287486478050468
364	-0.291097181999075
365	-0.275393749302359
366	-0.274144917836554
367	-0.270760384987796
368	-0.264635749549636
369	-0.258811304446749
370	-0.258682161647692
371	-0.249048497331279
372	-0.251247278551484
373	-0.238174389712739
374	-0.236298979271925
375	-0.23376424792087
376	-0.228359023541806
377	-0.223339452134007
378	-0.219198081608346
379	-0.213550712634624
380	-0.210534626270637
381	-0.199657609171727
382	-0.195446523660603
383	-0.188069652448486
384	-0.180780546101398
385	-0.177463593894249
386	-0.169721174838166
387	-0.1649986241037
388	-0.16091869031005
389	-0.155112284650689
390	-0.151583895528455
391	-0.144784207594642
392	-0.141324970928627
393	-0.134757828866597
394	-0.128089416194214
395	-0.123620512083141
396	-0.120036579173889
397	-0.114339548904577
398	-0.110108777855919
399	-0.102769028703363
400	-9.71715263013235E-02
401	-8.99465148289158E-02
402	-8.72638148841716E-02
403	-7.76200686960791E-02
404	-6.96683583949658E-02
405	-6.49090699945808E-02
406	-5.87439401984403E-02
407	-5.33310051817582E-02
408	-4.66315253160225E-02
409	-4.03013865876427E-02
410	-3.10862570401268E-02
411	-2.00125068638711E-02
412	-0.015805256800303
413	-8.65441422524267E-03
414	4.31452464758262E-04
415	9.22453503481007E-03
416	1.80694920164976E-02
417	2.60023357010281E-02
418	3.40294901683224E-02
419	0.040059266971073
420	4.87319379978172E-02
421	5.67105352650076E-02
422	6.43124355509237E-02
423	7.18700231427347E-02
424	0.079602171005166
425	8.55628692542712E-02
426	9.11836544241896E-02
427	9.60645337304009E-02
428	0.103419912414969
429	0.106710853561585
430	0.110971824116675
431	0.117293167498069
432	0.119295448901706
433	0.125249127969984
434	0.12952258613407
435	0.131262642645099
436	0.137664004425586
437	0.140326828635453
438	0.146068704110297
439	0.149180347872879
440	0.156368987824082
441	0.159488183325139
442	0.164182308946016
443	0.167529907802441
444	0.169851447999888
445	0.172020257454807
446	0.176269931278616
447	0.180126554170724
448	0.179872765522546
449	0.182027093721889
450	0.182605434160212
451	0.183108629317376
452	0.182019289889927
453	0.180933942032197
454	0.178808384608546
455	0.176585824693778
456	0.174345070673447
457	0.171341987931122
458	0.167659726094964
459	0.163628387013973
460	0.16026039235292
461	0.154746571585623
462	0.150667444385168
463	0.147031422879433
464	0.143087245174727
465	0.13966484992896
466	0.135598362940436
467	0.131802742481211
468	0.128946654119075
469	0.125829892590647
470	0.123499784278174
471	0.120712163488737
472	0.119115304292246
473	0.117807151002553
474	0.117184269412069
475	0.1152338065785
476	0.113778270303242
477	0.114462817811925
478	0.113255264131832
479	0.114770993252466
480	0.114523220981207
481	0.114940292352273
482	0.113990699892979
483	0.114822543520632
484	0.114841813435923
485	0.115642290881636
486	0.115095495537846
487	0.114550518798177
488	0.114476368419245
489	0.112034672336703
490	0.110803358733191
491	0.109023610322115
492	0.106770646462276
493	0.103498349147286
494	0.100254372825417
495	9.66687242188525E-02
496	9.33380005492115E-02
497	8.81307717704761E-02
498	8.34818521027906E-02
499	7.80022084003523E-02
500	7.20939865948549E-02
501	6.76274498922497E-02
502	0.059975517878996
503	0.053480206002052
504	4.71766078599933E-02
505	4.04977697414445E-02
506	3.29758280187275E-02
507	2.63473081706253E-02
508	2.01704731366179E-02
509	1.27883900035967E-02
510	6.58060379068981E-03
511	4.078964466651E-04
512	-6.07827439181607E-03
513	-1.19680205080547E-02
514	-1.66880981989662E-02
515	-2.24635885441528E-02
516	-2.74811371334472E-02
517	-3.23332240914413E-02
518	-3.64785887208638E-02
519	-4.07324359032753E-02
520	-4.34589063575057E-02
521	-0.045853259175716
522	-4.87928970839373E-02
523	-5.17106008382733E-02
524	-5.43322735077045E-02
525	-5.54939622014686E-02
526	-5.76515342033747E-02
527	-5.98542676866125E-02
528	-6.06762338209065E-02
529	-0.061691598513412
530	-6.27048835260231E-02
531	-6.33173142001628E-02
532	-6.48204775722131E-02
533	-6.46814217290321E-02
534	-6.47164737936209E-02
535	-6.53161383908786E-02
536	-6.53463876991241E-02
537	-0.065331939309005
538	-6.53464969344019E-02
539	-6.56282456058621E-02
540	-6.56996763395041E-02
541	-6.61514453065631E-02
542	-6.55354184124083E-02
543	-6.55065946427478E-02
544	-6.47244727256006E-02
545	-6.46742310663438E-02
546	-6.40678131250836E-02
547	-6.41118424251857E-02
548	-6.32780359868112E-02
549	-6.32240951149947E-02
550	-6.24386004980932E-02
551	-6.17542032141083E-02
552	-6.19038198276225E-02
553	-6.06963500857077E-02
554	-6.07951796693689E-02
555	-5.97970900601534E-02
556	-0.059778877562281
557	-5.86639935743039E-02
558	-5.87707069461708E-02
559	-5.81779833693257E-02
560	-0.058009632810344
561	-5.75914813875519E-02
562	-5.68994322112362E-02
563	-5.68494203926235E-02
564	-5.60929291685944E-02
565	-5.56310888062593E-02
566	-0.05555647125998
567	-0.055929963240845
568	-5.43327993170694E-02
569	-5.36544992074516E-02
570	-5.35124414754883E-02
571	-5.20745269587364E-02
572	-5.23802550306047E-02
573	-5.10056639114233E-02
574	-5.04038856676089E-02
575	-4.95444564200003E-02
576	-4.93786400630307E-02
577	-4.79013105606079E-02
578	-4.65213851620707E-02
579	-4.59608919475046E-02
580	-4.47451013101332E-02
581	-4.39109448103879E-02
582	-4.27579473320819E-02
583	-4.12373200162064E-02
584	-4.09399472778689E-02
585	-3.99790174614863E-02
586	-3.87667251772453E-02
587	-3.82595708890681E-02
588	-3.71606609821003E-02
589	-0.036342546225797
590	-3.50362388084491E-02
591	-3.45541370661717E-02
592	-3.33659990708515E-02
593	-3.18544431310977E-02
594	-3.12176086098586E-02
595	-3.03558780165564E-02
596	-3.00612767999608E-02
597	-2.87330638294532E-02
598	-2.77147744874924E-02
599	-2.75348425207376E-02
600	-2.71630039339007E-02
601	-0.0257959792171
602	-2.54619099732402E-02
603	-0.024823758887962
604	-0.023658723701725
605	-2.21564504119135E-02
606	-2.20305631833563E-02
607	-2.10992777373186E-02
608	-2.07800500254424E-02
609	-2.00115517242507E-02
610	-1.88895741334019E-02
611	-1.78977524549216E-02
612	-1.75349493040446E-02
613	-1.63103051133347E-02
614	-1.51116563911731E-02
615	-1.49095948469259E-02
616	-1.31448590556787E-02
617	-1.18987086681266E-02
618	-0.012632135023444
619	-1.16825307229199E-02
620	-1.09998898144924E-02
621	-9.95144735073473E-03
622	-8.87261125321488E-03
623	-8.88767315192885E-03
624	-7.9875077932509E-03
625	-7.53166428474771E-03
626	-6.76998467500252E-03
627	-0.006945376961731
628	-6.49927164004843E-03
629	-6.03717488919895E-03
630	-5.95558727840924E-03
631	-5.30077324989814E-03
632	-5.0190191735288E-03
633	-5.52068578128099E-03
634	-4.95632316002766E-03
635	-4.66110037771276E-03
636	-5.38853480568307E-03
637	-4.28470545912487E-03
638	-4.34041841863912E-03
639	-4.23615587074082E-03
640	-4.15434667342075E-03
641	-4.43643401371472E-03
642	-2.78347613326033E-03
643	-2.98279685560404E-03
644	-2.19060920804196E-03
645	-1.09140397676766E-03
646	-2.32414975610875E-04
647	3.86285627856893E-04
648	4.19607779246692E-04
649	1.60314963233678E-03
650	3.46428756152266E-03
651	4.98097026352703E-03
652	6.54813207340051E-03
653	8.4411246643785E-03
654	9.96828704720185E-03
655	1.24033156912885E-02
656	1.47895438182074E-02
657	1.71290713791053E-02
658	2.04905481050065E-02
659	2.39322196030597E-02
660	2.79520543681766E-02
661	3.12522215163384E-02
662	3.69912167705382E-02
663	4.16217552441815E-02
664	0.04730179293945
665	5.23631234228777E-02
666	0.057548308331656
667	6.20427330202199E-02
668	6.77260698640889E-02
669	7.32367102159205E-02
670	7.68187932017074E-02
671	8.06803308712525E-02
672	8.22860577568251E-02
673	8.44624631305786E-02
674	8.59905296364363E-02
675	8.70363073340018E-02
676	8.69874494505369E-02
677	8.55765940305443E-02
678	8.56992697736869E-02
679	0.082987803459668
680	8.05456661334375E-02
681	0.074529079952782
682	6.94993203114432E-02
683	6.25485583495052E-02
684	5.48921215719589E-02
685	4.54672998102007E-02
686	3.56070344104462E-02
687	2.48292011979829E-02
688	0.016109946758275
689	6.1397349119908E-03
690	-3.64982989276653E-03
691	-1.09753758365686E-02
692	-2.12005785970457E-02
693	-2.78086434761684E-02
694	-3.38728478988912E-02
695	-0.040183637224954
696	-4.50744472749074E-02
697	-4.98480628471969E-02
698	-5.40819390293172E-02
699	-5.67354655752056E-02
700	-0.062493937367401
701	-6.47633292603981E-02
702	-6.84619516469583E-02
703	-7.04517429638421E-02
704	-7.30997227608009E-02
705	-7.60251162164852E-02
706	-7.77390024621566E-02
707	-8.14802626702978E-02
708	-8.28780866872049E-02
709	-8.47222422826497E-02
710	-0.086713710617403
711	-8.89792954725024E-02
712	-9.08828917257597E-02
713	-9.15026128592485E-02
714	-0.093986576183993
715	-9.57532236401141E-02
716	-9.84487513453916E-02
717	-9.96461255970978E-02
718	-0.100728685977526
719	-0.100985617281286
720	-0.104206604582124
721	-0.104119609947339
722	-0.107101511408907
723	-0.108657445658533
724	-0.111002320967957
725	-0.113031959968808
726	-0.114076170537174
727	-0.11571986908598
728	-0.116549879150001
729	-0.118421575604971
730	-0.121251918844356
731	-0.123293391009887
732	-0.125567037380253
733	-0.125181815204044
734	-0.127766201249537
735	-0.128905860983874
736	-0.131523976057367
737	-0.133431282570792
738	-0.133770432830396
739	-0.135410051580459
740	-0.137375725587515
741	-0.140443313126446
742	-0.143409023341027
743	-0.14502307542183
744	-0.148235227829813
745	-0.148897457784158
746	-0.151639252844455
747	-0.154455393622446
748	-0.154800382379062
749	-0.156437253475796
750	-0.161596163216159