350	-0.477905156319388
351	-0.46479602094943
352	-0.443562401289565
353	-0.449628386862175
354	-0.458274103113879
355	-0.461477225055858
356	-0.452712807071136
357	-0.450638821995474
358	-0.447260994624311
359	-0.443318189641214
360	-0.44189681473657
361	-0.442433895165803
362	-0.441284241813359
363	-0.43625620424554
364	-0.435656752794762
365	-0.431740888387368
366	-0.425810380114294
367	-0.42502667249019
368	-0.425437467969202
369	-0.422500961223407
370	-0.425934884390205
371	-0.41627194692525
372	-0.413025426690192
373	-0.410980740960762
374	-0.413015274086222
375	-0.408258117975996
376	-0.408130121079349
377	-0.403690534486789
378	-0.400844100552176
379	-0.396376869522785
380	-0.393729315241029
381	-0.391794975175228
382	-0.390175959920077
383	-0.387670562460375
384	-0.387249058262236
385	-0.38306214587786
386	-0.379260618289481
387	-0.37621800619114
388	-0.374460773796465
389	-0.372946768942306
390	-0.369731022724139
391	-0.369988948595506
392	-0.364574684414742
393	-0.362848564896676
394	-0.35773294174662
395	-0.357971035915355
396	-0.352398587345954
397	-0.350882570935225
398	-0.350243697378345
399	-0.346349643256493
400	-0.341609845707704
401	-0.338397479668385
402	-0.337374595275505
403	-0.334068815162778
404	-0.331875360698238
405	-0.329256797720222
406	-0.325910663736135
407	-0.323273513744173
408	-0.321378518964839
409	-0.318877256612681
410	-0.315340470612454
411	-0.311662079447106
412	-0.311131811310099
413	-0.307037112300099
414	-0.306040357594985
415	-0.302013958501372
416	-0.299149299447287
417	-0.298920210822737
418	-0.292732209385048
419	-0.291576934160844
420	-0.288839818626759
421	-0.285846567347554
422	-0.28443201362427
423	-0.281725450183069
424	-0.278791761198539
425	-0.277403058264476
426	-0.274014204614518
427	-0.273305016070315
428	-0.269815653551827
429	-0.267905685508756
430	-0.266171678129136
431	-0.262800433978297
432	-0.26083933402778
433	-0.257767336861602
434	-0.256778701403183
435	-0.25419519986323
436	-0.25233614147731
437	-0.251202956277389
438	-0.24714597180171
439	-0.246076125023864
440	-0.244424118381656
441	-0.243164778928795
442	-0.240258329415663
443	-0.238956589654851
444	-0.237158372937801
445	-0.233200695533825
446	-0.233197382882364
447	-0.230744101420358
448	-0.227921284498653
449	-0.226494883411189
450	-0.224580361374491
451	-0.22298833218339
452	-0.221516173202776
453	-0.217836650851071
454	-0.217706851833871
455	-0.215964457933911
456	-0.213857101087106
457	-0.211907345498585
458	-0.209333581469882
459	-0.208212112679691
460	-0.206917647163889
461	-0.204705848858707
462	-0.202876205225304
463	-0.201241027807282
464	-0.199624094578696
465	-0.199059263887553
466	-0.196873009280886
467	-0.19394264960174
468	-0.194241295789401
469	-0.191690416356898
470	-0.191031800434945
471	-0.189423303777533
472	-0.187920545252194
473	-0.186447236860821
474	-0.185094799858824
475	-0.183702378968222
476	-0.182277312101004
477	-0.181294922328688
478	-0.179338815646281
479	-0.178829091990427
480	-0.176523774924202
481	-0.175807039309991
482	-0.174707296585406
483	-0.173193294428107
484	-0.172142438635317
485	-0.170319656701036
486	-0.169704479770706
487	-0.167681013478749
488	-0.165797638184323
489	-0.16486737430619
490	-0.162641592365309
491	-0.162307317127424
492	-0.159845193453186
493	-0.158402581841839
494	-0.158155642514867
495	-0.157512089008351
496	-0.156046647450156
497	-0.155079518973697
498	-0.154074692793586
499	-0.152172451698057
500	-0.150339537732674
501	-0.149986749459549
502	-0.148487487943103
503	-0.147878960590654
504	-0.14692962260785
505	-0.145876553482141
506	-0.144430581203482
507	-0.144291719039684
508	-0.143484927948942
509	-0.14261059738107
510	-0.141240000024199
511	-0.140309684537681
512	-0.139396675264403
513	-0.137107823234433
514	-0.13714305131432
515	-0.137157566254405
516	-0.135461300169703
517	-0.135485587450769
518	-0.134164639856814
519	-0.133518605420415
520	-0.132274239334008
521	-0.131888276273308
522	-0.130621871137341
523	-0.130220399609515
524	-0.129693927639177
525	-0.128494393124988
526	-0.126251106601251
527	-0.12618878829154
528	-0.124628540384056
529	-0.124942755028697
530	-0.123639077236613
531	-0.12241103421062
532	-0.121648297489432
533	-0.120339654671125
534	-0.119250378901532
535	-0.118783559297409
536	-0.117303217415296
537	-0.116995207641352
538	-0.115351000102008
539	-0.114577151352635
540	-0.113954060397235
541	-0.112947321279984
542	-0.11206479771872
543	-0.111733415666458
544	-0.110750399853082
545	-0.10947682369904
546	-0.108629346577926
547	-0.108002663497819
548	-0.107047995821928
549	-0.106385469416246
550	-0.105421350445551
551	-0.10446162131153
552	-0.104413984161131
553	-0.102626911156462
554	-0.10237659092836
555	-0.102356552663751
556	-0.101415319408465
557	-0.10107151991888
558	-9.97966119280075E-02
559	-9.93026058310959E-02
560	-9.85133325460978E-02
561	-9.86588242727644E-02
562	-9.80045998748326E-02
563	-9.65054290572662E-02
564	-9.54373080129535E-02
565	-9.61777016518526E-02
566	-0.095596031395585
567	-9.45326377823551E-02
568	-9.39361672045829E-02
569	-9.32223245059266E-02
570	-9.28337578809645E-02
571	-9.30889948726589E-02
572	-0.091832526774047
573	-9.21258876256612E-02
574	-9.09787871852994E-02
575	-8.93335399420647E-02
576	-0.089254849287463
577	-8.87719055530293E-02
578	-8.78857235837956E-02
579	-8.77432994171337E-02
580	-0.086707472723462
581	-8.70366613799511E-02
582	-8.54605735540673E-02
583	-0.085479621377421
584	-8.39491273054529E-02
585	-0.083240956391497
586	-8.33800286549448E-02
587	-8.31535732243647E-02
588	-8.11213577300127E-02
589	-8.18261924842815E-02
590	-8.07967888935888E-02
591	-8.01361388743788E-02
592	-7.99206787171182E-02
593	-7.90417868928843E-02
594	-0.078721418490314
595	-7.82343135969911E-02
596	-7.74721980678455E-02
597	-7.68439362710038E-02
598	-7.64545944731985E-02
599	-7.53830834715396E-02
600	-7.51673955082867E-02
601	-7.53953681260024E-02
602	-7.37552335062761E-02
603	-7.36124577252464E-02
604	-7.26396729253788E-02
605	-7.30195285013512E-02
606	-0.071976280139285
607	-7.21243876277891E-02
608	-7.15567098326577E-02
609	-7.15334491203122E-02
610	-0.070883641405804
611	-7.07478710407644E-02
612	-0.069432610005996
613	-7.03929478376083E-02
614	-0.069410817483189
615	-6.89509772887834E-02
616	-6.87945279364318E-02
617	-6.86230034845301E-02
618	-6.82779572933396E-02
619	-0.068984397326785
620	-6.83353704897795E-02
621	-6.73763045251487E-02
622	-6.74611642324997E-02
623	-6.71891512525845E-02
624	-6.71557152798641E-02
625	-6.64552249332096E-02
626	-6.65382817552003E-02
627	-6.59866471579817E-02
628	-6.65248504101872E-02
629	-6.64399080968661E-02
630	-6.65155884519592E-02
631	-6.62053601194209E-02
632	-6.58372108012997E-02
633	-6.52860978954953E-02
634	-6.46384043722404E-02
635	-6.56762530104489E-02
636	-6.47469360714379E-02
637	-6.54263409870017E-02
638	-6.48757800785503E-02
639	-6.48692238862856E-02
640	-6.50651167642346E-02
641	-6.40849500991052E-02
642	-0.065098487358104
643	-6.52058306707098E-02
644	-6.42829043726662E-02
645	-6.48431971206429E-02
646	-6.54087573251295E-02
647	-6.44766952400896E-02
648	-6.53252838785376E-02
649	-6.55713365248623E-02
650	-6.56585792471331E-02
651	-6.40028158714398E-02
652	-6.54650550888991E-02
653	-6.54771074881537E-02
654	-6.61173691778552E-02
655	-6.54685626368015E-02
656	-6.55653625480869E-02
657	-6.57230359658638E-02
658	-0.066029466706992
659	-6.53773989774051E-02
660	-6.57187541940261E-02
661	-6.65128220891306E-02
662	-6.64252070335914E-02
663	-6.80191424297525E-02
664	-6.87620680247886E-02
665	-6.73116474817134E-02
666	-6.83238965384931E-02
667	-6.95177422805547E-02
668	-6.84927230154233E-02
669	-6.98236419940198E-02
670	-7.10875890581791E-02
671	-7.18234670431398E-02
672	-7.18970485975443E-02
673	-7.16942468117586E-02
674	-7.15288001457984E-02
675	-7.36100967263195E-02
676	-7.32726407401749E-02
677	-7.36268980367714E-02
678	-7.49476685615453E-02
679	-7.53995482720231E-02
680	-7.64255262772368E-02
681	-7.60025710244929E-02
682	-7.69130517682489E-02
683	-7.81268580898951E-02
684	-7.82802977094038E-02
685	-8.00365669537841E-02
686	-7.99073554551161E-02
687	-8.10435417562114E-02
688	-8.21497904161384E-02
689	-8.19036216757319E-02
690	-8.38269618208347E-02
691	-8.35583464201259E-02
692	-0.085599239921671
693	-8.60791665100907E-02
694	-8.56070716367629E-02
695	-8.71137844071365E-02
696	-8.91397179463606E-02
697	-9.00225022288133E-02
698	-9.14791755841913E-02
699	-9.16494891068087E-02
700	-9.38422616487211E-02
701	-9.38562265145601E-02
702	-9.55493199447133E-02
703	-9.68083259173863E-02
704	-9.80316191897094E-02
705	-9.93334878057332E-02
706	-0.100627860381737
707	-0.102069412048933
708	-0.103505027584353
709	-0.103792579473359
710	-0.104380097653919
711	-0.107683647344575
712	-0.107995071177929
713	-0.109319876948299
714	-0.111242549700397
715	-0.110184652009288
716	-0.114067083894149
717	-0.114579774973619
718	-0.115642392475452
719	-0.118025138054405
720	-0.118144254498484
721	-0.120404806597588
722	-0.121568179787669
723	-0.123073478074428
724	-0.125537974586912
725	-0.125479001855818
726	-0.128362665463012
727	-0.129927941345776
728	-0.130618731612378
729	-0.13255470558871
730	-0.134436179796093
731	-0.136774823920498
732	-0.137321657214669
733	-0.138630847013789
734	-0.139720901994208
735	-0.142012066680228
736	-0.142674193158348
737	-0.144935404153001
738	-0.146968084048176
739	-0.148940203233525
740	-0.149695186972404
741	-0.154453495502851
742	-0.154254610099077
743	-0.156947998692114
744	-0.158833064272767
745	-0.162167438632438
746	-0.164521282825336
747	-0.165680496813806
748	-0.168611175505549
749	-0.170551450594774
750	-0.173044044725625