350	-0.360061423295455
351	-0.366446063557366
352	-0.366784087766769
353	-0.363709761505371
354	-0.351781946384768
355	-0.346032847491058
356	-0.35511932574546
357	-0.34146887839451
358	-0.351588308652518
359	-0.328361907925743
360	-0.343919978554202
361	-0.336204159800628
362	-0.338881418661994
363	-0.333735004244316
364	-0.313577294693312
365	-0.314478266605497
366	-0.307992815763477
367	-0.311575615783165
368	-0.305507585780457
369	-0.301809042495058
370	-0.293739629528778
371	-0.296243082817486
372	-0.289062589530676
373	-0.279885116154272
374	-0.275214882584386
375	-0.27559421987441
376	-0.270365145224753
377	-0.264284415410648
378	-0.25833590484103
379	-0.256890630875957
380	-0.246980056904864
381	-0.241077728639696
382	-0.240050502166998
383	-0.229458217594758
384	-0.225009470349688
385	-0.21986709008069
386	-0.214733365871421
387	-0.20918152608014
388	-0.205835723836914
389	-0.203755946720527
390	-0.196812861438931
391	-0.189551712225563
392	-0.18555318223085
393	-0.180768747150464
394	-0.174407060648108
395	-0.169717889035691
396	-0.166126949883428
397	-0.159364896755108
398	-0.153160939587182
399	-0.145945889067573
400	-0.14131198332619
401	-0.134658892006972
402	-0.131003588433531
403	-0.123313199287693
404	-0.116019437004678
405	-0.110577758821903
406	-0.102429761296417
407	-9.60228057558089E-02
408	-8.95568752582985E-02
409	-8.38650241273255E-02
410	-7.47763306656661E-02
411	-6.98667866558042E-02
412	-6.15188518002507E-02
413	-5.43864663695137E-02
414	-4.82689463819471E-02
415	-4.03623916457372E-02
416	-3.23454286472113E-02
417	-2.54869217354321E-02
418	-1.75513997324691E-02
419	-1.17746775635137E-02
420	-3.67061966417549E-03
421	2.95803080728365E-03
422	9.18006659374096E-03
423	0.016162140096508
424	2.10862001366788E-02
425	0.027441275996302
426	3.22906449194812E-02
427	3.59043882696589E-02
428	0.041011401811785
429	4.33729274821937E-02
430	0.049546482851157
431	5.05860284525529E-02
432	5.44117364111551E-02
433	5.76600588407511E-02
434	0.060790286845579
435	0.065788015321067
436	6.84019681761932E-02
437	0.070605571150547
438	7.52926054799329E-02
439	7.76183650894941E-02
440	8.30619882224937E-02
441	0.087225292055636
442	9.07126704141324E-02
443	9.27039347723011E-02
444	9.55589686999091E-02
445	9.79057894020064E-02
446	9.97804941118048E-02
447	0.102431510198443
448	0.10374866696493
449	0.103604673888093
450	0.104858809483982
451	0.106688536940142
452	0.104414588998748
453	0.104673766185444
454	0.102461413702828
455	0.103591187709146
456	0.100589568529089
457	0.100235962723951
458	9.80306326706807E-02
459	9.36748390458717E-02
460	9.11488099392949E-02
461	9.03437967165059E-02
462	8.62020135714119E-02
463	8.50183363621381E-02
464	0.081956217079508
465	8.09209541338305E-02
466	7.72356266271526E-02
467	7.58922589702705E-02
468	7.27475069624832E-02
469	7.34864590108702E-02
470	7.04413358586176E-02
471	7.07009189300806E-02
472	6.80909964985955E-02
473	6.77971077853938E-02
474	6.77840985188161E-02
475	6.63041676978621E-02
476	6.67322979434817E-02
477	6.76953331797732E-02
478	6.61074988906615E-02
479	6.61363984981596E-02
480	6.54601400315797E-02
481	6.69317272356862E-02
482	6.53931977971044E-02
483	6.61832944186885E-02
484	0.064368332341602
485	6.55885496620591E-02
486	6.35673732321952E-02
487	6.19122775800885E-02
488	6.02153745458927E-02
489	5.84786483487832E-02
490	0.05587365689106
491	5.51466521570689E-02
492	5.01661607695262E-02
493	4.63707187320892E-02
494	4.33362536699826E-02
495	3.85686467352737E-02
496	3.55757560238882E-02
497	3.10512350704463E-02
498	2.57134305827822E-02
499	2.06856891731702E-02
500	1.50569932797721E-02
501	1.03147991553996E-02
502	4.35592532476509E-03
503	3.51502396283066E-05
504	-5.61551099891728E-03
505	-1.12258497221123E-02
506	-1.67414818782151E-02
507	-2.21791866854324E-02
508	-2.74560462701997E-02
509	-3.23214538450577E-02
510	-3.72424659872056E-02
511	-4.24767495469052E-02
512	-4.65499880708446E-02
513	-5.08007771372532E-02
514	-5.48788165163641E-02
515	-5.77227371619889E-02
516	-6.13909017730151E-02
517	-6.57244346295778E-02
518	-0.066991346354566
519	-7.02913476471709E-02
520	-7.33199082603399E-02
521	-7.46100894476478E-02
522	-7.61207729733786E-02
523	-7.77577384013547E-02
524	-0.078724228620115
525	-7.97859118078581E-02
526	-8.11868512985073E-02
527	-8.13475732086373E-02
528	-8.30525834639163E-02
529	-8.23788404963369E-02
530	-8.36643132912363E-02
531	-8.34936328151935E-02
532	-8.36190786679975E-02
533	-8.38677671819343E-02
534	-8.36654790216291E-02
535	-8.31145900400383E-02
536	-8.25945927176208E-02
537	-8.25859555510273E-02
538	-0.08246952639515
539	-8.21383456297666E-02
540	-8.14141753095703E-02
541	-0.080177978106436
542	-7.99483055581752E-02
543	-8.02894237135034E-02
544	-7.90133574114814E-02
545	-7.83796734791679E-02
546	-7.72499553262947E-02
547	-7.71008573176341E-02
548	-7.54440136026733E-02
549	-7.67043414251776E-02
550	-7.46542607168755E-02
551	-7.37998772845227E-02
552	-7.37374453035086E-02
553	-7.23056340907518E-02
554	-7.17619942727212E-02
555	-7.16859892114691E-02
556	-0.070571026991306
557	-7.08318906781606E-02
558	-0.069383680775754
559	-6.91110095480769E-02
560	-6.92244839278298E-02
561	-6.88867998951179E-02
562	-6.88845014243583E-02
563	-6.80183774971783E-02
564	-6.77378710103502E-02
565	-0.067943223012241
566	-6.71508915747486E-02
567	-6.67874064837588E-02
568	-6.61672469876469E-02
569	-6.53797753428743E-02
570	-6.45810107703281E-02
571	-6.35243305374476E-02
572	-6.38140242016324E-02
573	-6.24166708328757E-02
574	-6.24545049124829E-02
575	-6.14547483844965E-02
576	-6.06792388963235E-02
577	-6.01130826240421E-02
578	-5.88129974638208E-02
579	-5.81721319799479E-02
580	-0.057417624149917
581	-5.58317769228917E-02
582	-5.49254038228612E-02
583	-5.44905828341953E-02
584	-5.38654178231636E-02
585	-5.27183012602948E-02
586	-5.15700209261839E-02
587	-5.08084296591729E-02
588	-4.96053685498993E-02
589	-4.97038225025938E-02
590	-4.81463291411351E-02
591	-4.71973144036653E-02
592	-4.65979107924793E-02
593	-4.58615507872888E-02
594	-4.45385414695625E-02
595	-4.35816394611859E-02
596	-4.39020941461831E-02
597	-4.32784984021951E-02
598	-4.21438553166866E-02
599	-4.09590862921059E-02
600	-3.99834054764001E-02
601	-4.01661950266262E-02
602	-3.96952457176763E-02
603	-3.89411234922071E-02
604	-3.83786856324263E-02
605	-3.79154464764882E-02
606	-3.71279661294424E-02
607	-3.64117848493668E-02
608	-3.57472558314546E-02
609	-3.49296017758961E-02
610	-3.51427585100833E-02
611	-0.03369392980298
612	-3.26278077838593E-02
613	-3.25987301401666E-02
614	-3.20123949139299E-02
615	-3.10642398496784E-02
616	-3.02538944464339E-02
617	-3.04976213907892E-02
618	-2.99353784608003E-02
619	-2.95369255919595E-02
620	-2.92013963640798E-02
621	-2.89400437146301E-02
622	-2.85767244457387E-02
623	-2.79401430595593E-02
624	-2.72577824528852E-02
625	-2.70694935852006E-02
626	-2.73458290645532E-02
627	-2.70929913868725E-02
628	-2.67367061115925E-02
629	-2.65794109297292E-02
630	-2.54520592201944E-02
631	-2.57593589738263E-02
632	-0.025190587179541
633	-2.54684233305449E-02
634	-0.0240763328853
635	-2.42679163728788E-02
636	-2.36313347671622E-02
637	-2.40812960459349E-02
638	-2.37689014026748E-02
639	-2.30164935339503E-02
640	-2.33279520134239E-02
641	-2.13756609524972E-02
642	-2.10454356485778E-02
643	-2.06869523294108E-02
644	-1.99400237069574E-02
645	-1.92608929829597E-02
646	-1.93195099685305E-02
647	-1.78976161482788E-02
648	-1.68099665949584E-02
649	-0.01573322990662
650	-1.42354940876391E-02
651	-1.32091810795613E-02
652	-0.011745861009308
653	-1.06045212569199E-02
654	-9.68430214090855E-03
655	-7.64250901743604E-03
656	-5.65988685119581E-03
657	-4.12676192856762E-03
658	-1.46350901459215E-03
659	1.30186735105627E-03
660	3.10075865064661E-03
661	5.88234377841939E-03
662	8.61583602857374E-03
663	1.17729391693385E-02
664	1.47170511904668E-02
665	1.73788365910126E-02
666	2.08727768318061E-02
667	2.40267681483516E-02
668	2.65211207618094E-02
669	2.86793203500376E-02
670	3.06876489041715E-02
671	3.28078603779309E-02
672	3.29616682832492E-02
673	3.40088687850571E-02
674	3.37560701908102E-02
675	3.40516146927588E-02
676	3.22076069303019E-02
677	3.04431659719771E-02
678	2.88906983709524E-02
679	2.69172464773021E-02
680	2.22445742980924E-02
681	1.75829799116175E-02
682	1.18707026266674E-02
683	7.73701971249723E-03
684	1.41896571611798E-03
685	-4.62979908415875E-03
686	-1.19383321765232E-02
687	-2.02290508704346E-02
688	-2.75856152096098E-02
689	-3.32783442404952E-02
690	-3.89787219801903E-02
691	-4.51543601161981E-02
692	-0.050395339921238
693	-5.51871003403691E-02
694	-5.94844336647273E-02
695	-6.34667979241251E-02
696	-6.73548735827517E-02
697	-7.09636839842563E-02
698	-7.39801714752613E-02
699	-7.55331067118855E-02
700	-7.89063412827949E-02
701	-7.89521323347141E-02
702	-8.28226016428053E-02
703	-8.54694946502946E-02
704	-0.087261078292269
705	-8.96307601861577E-02
706	-0.09198839146025
707	-9.40456029538969E-02
708	-9.60916373650126E-02
709	-9.80023586716273E-02
710	-9.83107810127675E-02
711	-0.101103657400201
712	-0.102995412270995
713	-0.104940377814365
714	-0.105470556347759
715	-0.107414145926512
716	-0.107996079289884
717	-0.10946199812946
718	-0.113980874101293
719	-0.114725642083413
720	-0.11603737016309
721	-0.119206721021253
722	-0.119548050547841
723	-0.121678700250257
724	-0.12517110215236
725	-0.125670543424217
726	-0.126007449407315
727	-0.127808546035745
728	-0.13057457859404
729	-0.131876672595694
730	-0.134322900401788
731	-0.136295416461071
732	-0.137262788784198
733	-0.138863123448283
734	-0.141831147390189
735	-0.143681706231216
736	-0.144760575515507
737	-0.14636645157174
738	-0.148814185958294
739	-0.152233688249811
740	-0.151992234055996
741	-0.153741282025098
742	-0.157338079462147
743	-0.159717626187016
744	-0.162628817008024
745	-0.164005841148872
746	-0.16590864088072
747	-0.168942898145859
748	-0.17052847376889
749	-0.171910141996062
750	-0.174438736957105